107894
107894
106975
105752
105752
105752
105752
98173.4
98173.4
98173.4
98173.4
98173.4
98173.4
97511.4
97511.4
96335.9
96335.9
96335.9
96335.9
95715.4
95346.6
95346.6
95346.6
95346.6
95346.6
94095.3
94095.3
94095.3
94095.3
94095.3
94095.3
94095.3
93572.6
93572.6
92415.8
92415.8
92415.8
91790.2
91790.2
91790.2
91790.2
91430.6
90475.7
88499.7
88499.7
88499.7
88499.7
86659.7
85683.3
85683.3
85683.3
85683.3
85683.3
85683.3
85284.1
85284.1
85284.1
85284.1
83476.9
83476.9
83476.9
83476.9
83476.9
83165.5
83165.5
83165.5
83165.5
83165.5
83165.5
83165.5
82048.6
82048.6
82048.6
82048.6
81942.3
81942.3
81942.3
81942.3
80168.2
80168.2
80168.2
80168.2
80168.2
80168.2
80168.2
80168.2
80164.3
80164.3
79940.2
79940.2
79222.6
79222.6
79222.6
79222.6
79222.6
78835.1
78835.1
75934.4
75934.4
75934.4
75934.4
75934.4
75934.4
75934.4
74648.8
74648.8
74648.8
74648.8
74648.8
74142.5
74142.5
74142.5
74142.5
73693.9
73693.9
73693.9
73221.3
72537.6
72537.6
72537.6
72537.6
72537.6
72353
72268.3
71473.7
71473.7
71473.7
71473.7
71473.7
71473.7
71473.7
71473.7
71473.7
71473.6
71473.6
71396.8
70821
70821
70821
70821
70821
70821
70821
70821
69821.2
69821.2
69821.2
69499.9
69499.9
69499.9
69499.9
69005.2
69005.2
69005.2
69005.2
69005.2
68471.7
68471.7
68471.7
68471.7
68471.7
68471.7
68471.7
68427.1
68427.1
68427.1
68427.1
68427.1
68427.1
68427.1
68427.1
68427.1
68427.1
68422.4
68422.4
68422.4
68403.2
68403.2
68403.2
68403.2
68403.2
68403.2
68403.2
67770.4
67279.9
67279.9
67279.9
67279.9
67279.9
67279.9
66793.9
66793.9
66793.9
66793.9
66793.9
66793.9
66793.9
65772.3
65772.3
65772.3
65772.3
65772.3
65772.3
65772.3
65772.3
65772.3
65501.5
65501.5
65501.5
65501.5
65501.5
65501.5
65501.5
65501.5
65501.5
65501.5
65501.5
65028.5
65028.5
65028.5
65028.5
65028.5
65028.5
65028.5
65028.5
64859.4
64859.4
64859.4
64859.4
64859.4
64859.4
64772.6
64772.6
64772.6
64575.6
64575.6
64575.6
64488.8
64488.8
64488.8
64488.8
64488.8
64488.8
64301
64301
64301
64301
64301
64301
64137.9
64137.9
64099.5
64099.5
64099.5
64099.5
64099.5
64099.5
64099.5
64099.5
64099.5
64099.5
64081.4
64081.4
64081.4
64081.4
64081.4
64081.4
64081.4
64081.4
64081.4
64081.4
64081.4
64081.4
64081.4
63903.5
63903.5
63903.5
63903.5
63741.5
63741.5
63741.5
63741.5
63741.5
63741.5
63741.5
63741.5
63741.5
63741.5
63741.5
63741.5
63741.5
63741.5
63498.5
63498.5
63033.5
63033.5
63033.5
63033.5
63033.5
63033.5
63033.5
63033.5
63033.5
63033.5
63033.5
63033.5
63033.5
63033.5
62748.5
62748.5
62748.5
62748.5
62748.5
61991.8
61991.8
61991.8
61991.8
61991.8
61991.8
61991.8
61991.8
61967.3
61967.3
61967.3
61946.7
61946.7
61946.7
61946.7
61946.7
61946.7
61946.7
61946.7
61946.7
61946.7
61946.7
61946.7
61946.7
61643.2
61643.2
61383
61383
61383
61383
61383
61383
61383
61383
61383
61383
61383
61383
61383
60665.6
60665.6
60665.6
60665.6
60665.6
60665.6
60665.6
60665.6
60665.6
60665.6
60665.6
60665.6
60665.6
60665.6
60665.6
60665.6
60665.6
60665.6
60665.6
60665.6
60644.2
60644.2
60644.2
60644.2
60644.2
60377.9
60377.9
60377.9
60377.9
59662.8
59662.8
59662.8
59396.5
59396.5
59396.5
59396.5
59396.5
59396.5
59236.7
59236.7
59236.7
59236.7
59236.7
59236.7
59236.7
59236.7
59236.7
59236.7
59236.7
59236.7
59236.7
59236.7
59236.7
59236.7
59236.7
59236.7
59236.7
59236.7
59236.7
59236.7
58907.1
58907.1
58907.1
58907.1
58907.1
58907.1
58907.1
58907.1
58907.1
58907.1
58907.1
58907.1
58802.8
58802.8
58802.8
58802.8
58802.8
58684
58684
58439.3
58439.3
58439.3
58334.9
58334.9
58334.9
58319.4
58319.4
58319.4
58319.4
58319.4
58235.7
57736.2
57736.2
57736.2
57736.2
57484.8
57484.8
57484.8
57484.8
57484.8
57484.8
57484.8
57195.9
57195.9
57195.9
57195.9
57195.9
57195.9
57195.9
57195.9
57195.9
57195.9
57195.9
57130.9
57004.9
57004.9
57004.9
57004.9
57004.9
57004.9
57004.9
57004.9
57004.9
57004.9
57004.9
57004.9
57004.9
57004.9
57004.9
57004.9
57004.9
57004.9
57004.9
57004.8
57004.8
57004.8
57004.8
57004.8
57004.8
57004.8
56537.3
56340.2
56340.2
56340.2
56340.2
56340.2
56340.2
56184.9
56184.9
56184.9
56184.9
56184.9
56184.9
56184.9
56184.9
56184.9
55799.7
55799.7
55799.7
55799.7
55799.7
55799.7
55799.7
55799.7
55799.7
55799.7
55799.7
55799.7
55799.7
55566.1
55566.1
55566.1
55566.1
55566.1
55566.1
55566.1
55566.1
55566.1
55566.1
55566.1
55566.1
55566.1
55566.1
55566.1
55121.8
55121.8
55121.8
55121.8
55121.8
55121.8
55121.8
55121.8
55121.8
55121.8
55121.8
55121.8
55121.8
55121.8
55121.8
54842
54842
54842
54842
54842
54842
54842
54842
54842
54738.2
54738.2
54738.2
54738.2
54738.2
54738.2
54738.2
54738.2
54738.2
54738.2
54597.7
54597.7
54407
54407
54407
54407
54407
54407
54266.5
54266.5
54266.5
54266.5
54266.5
54266.5
54266.5
54266.5
54266.5
54266.5
54266.5
54266.5
54266.5
54266.5
54266.5
54266.5
54266.5
54266.5
54266.5
54266.5
54266.5
53778.2
53778.2
53778.2
53778.2
53778.2
53778.2
53778.2
53778.2
53488.9
53488.9
53488.9
53488.9
53488.9
53488.9
53488.9
53485.9
53077.1
53077.1
53077.1
53077.1
53077.1
53077.1
53077.1
53077.1
53077.1
52745.2
52745.2
52745.2
52745.2
52745.2
52745.2
52745.2
52745.2
52745.2
52241.3
51900.4
51900.4
51900.4
51900.4
51900.4
51900.4
51694.7
51694.7
51694.7
51694.7
51694.7
51694.7
51694.7
50751.6
50751.6
50751.6
50751.6
50751.6
50751.6
50751.6
50751.6
50751.6
50751.6
50751.6
50707.1
50318.2
50318.2
50318.2
50318.2
50318.2
49753.9
49753.9
49753.9
49753.9
49753.9
49753.9
49753.9
49753.9
49693.3
49338.9
49338.9
49338.9
49338.9
49338.9
49338.9
49338.9
49338.9
49338.9
49338.9
49338.9
49338.9
49338.9
49338.9
49338.9
49121.1
49121.1
49121.1
49121.1
49121.1
49121.1
49121.1
49121.1
49121.1
49121.1
49121.1
49121.1
49121.1
49121.1
49121.1
49121.1
49121.1
49121.1
49121.1
49121.1
49119.8
49119.8
49119.8
49119.8
49119.8
49119.8
49119.8
49119.8
49119.8
49028.1
49028.1
49028.1
49028.1
49028.1
49028.1
49028.1
48993.4
48993.4
48993.4
48993.4
48993.4
48993.4
48993.4
48993.4
48993.4
48993.4
48993.4
48993.4
48993.4
48993.4
48993.4
48993.4
48993.4
48993.4
48993.4
48993.4
48993.4
48993.4
48993.4
48993.4
48993.4
48993.4
48993.4
48993.4
48993.4
48911.2
48911.2
48911.2
48911.2
48911.2
48911.2
48911.2
48911.2
48911.2
48911.2
48911.2
48911.2
48911.2
48911.2
48911.2
48693.5
48693.5
48693.5
48693.5
48693.5
48693.5
48693.5
48693.5
48693.5
48693.5
48693.5
48693.5
48693.5
48693.5
48693.5
48693.5
48693.5
48693.5
48693.5
48693.5
48693.5
48693.5
48693.5
48693.5
48693.5
48693.5
48693.5
48693.5
48693.5
48693.5
48693.5
48693.5
48693.5
48693.5
48693.5
48693.5
48693.5
48693.5
48693.5
48693.5
48693.5
48693.5
48693.5
48693.5
48693.5
48693.5
48693.5
48693.5
48693.5
48693.5
48693.5
48693.5
48693.5
46921
46921
46921
46921
46921
46921
46921
46921
46921
46921
46921
46681
46681
46681
46681
46681
46681
46681
46681
46681
46681
46681
46681
46681
46681
46608.7
46608.7
46608.7
46608.7
46608.7
46608.7
46608.7
46608.7
46406.2
46406.2
46406.2
46406.2
46406.2
46406.2
46406.2
46406.2
46406.2
46406.2
46406.2
46406.2
46406.2
46406.2
46406.2
46406.2
46406.2
46406.2
46406.2
46406.2
46406.2
46406.2
46406.2
46406.2
46277.6
46277.6
46277.6
46277.6
46277.6
46277.6
46277.6
46277.6
46206.8
46206.8
46206.8
46206.8
46206.8
46206.8
46206.8
46206.8
46206.8
46206.8
46206.8
46206.8
46206.8
46206.8
46206.8
46206.8
46206.8
46206.8
46206.8
46206.8
46206.8
46206.8
46206.8
46206.8
45163.5
45163.5
45163.5
45163.5
45163.5
45163.5
45163.5
45163.5
45163.5
45163.5
45163.5
45163.5
45163.5
45163.5
45163.5
45163.5
45163.5
44917.4
44917.4
44917.4
44917.4
44917.4
44917.4
44917.4
44917.4
44917.4
44917.4
44917.4
44917.4
44917.4
44917.4
44917.4
44917.4
44917.4
44917.4
44917.4
44917.4
44917.4
44724.8
44724.8
44724.8
44724.8
44724.8
44724.8
44724.8
44724.8
44724.8
44573.6
44573.6
44573.6
44573.6
44573.6
44573.6
44573.6
44573.6
44573.6
44551.5
44551.5
44551.5
44551.5
44551.5
44551.5
44551.5
44551.5
44551.5
44551.5
44551.5
44551.5
44551.5
44551.5
44551.5
44526.2
44526.2
44526.2
44526.2
43762.2
43762.2
43762.2
43762.2
43762.2
43762.2
43762.2
43762.2
43762.2
43762.2
43762.2
43762.2
43762.2
43762.2
43762.2
43762.2
43762.2
43762.2
43762.2
43711.5
43711.5
43711.5
43711.5
43711.5
43711.5
43711.5
43711.5
43711.5
43711.5
43711.5
43711.5
43711.5
43711.5
43711.5
43711.5
43711.5
43711.5
43711.5
43354.2
43354.2
43354.2
43354.2
43354.2
43354.2
43354.2
43354.2
43137.7
43137.7
43137.7
43137.7
43137.7
43137.7
43116.1
43116.1
43116.1
43116.1
43116.1
43116.1
43116.1
43116.1
43116.1
43116.1
43116.1
43116.1
43116.1
43116.1
43116.1
43116.1
43116.1
43116.1
43116.1
43116.1
43116.1
43116.1
43116.1
43116.1
43029.1
43010.4
43010.4
43010.4
43010.4
43010.4
43010.4
42923.4
42921.1
42921.1
42921.1
42921.1
42921.1
42921.1
42921.1
42921.1
42921.1
42921.1
42921.1
42921.1
42921.1
42921.1
42921.1
42921.1
42921.1
42921.1
42921.1
42921.1
42921.1
42921.1
42779.6
42779.6
42779.6
42779.6
42779.6
42779.6
42779.6
42779.6
42779.6
42779.6
42463.5
42463.5
42463.5
42463.5
42463.5
42463.5
42463.5
42463.5
42463.5
42463.5
42463.5
42463.5
42031.1
42031.1
42031.1
42031.1
42031.1
42031.1
42031.1
42031.1
42031.1
42031.1
42031.1
42031.1
42031.1
42031.1
42031.1
42031.1
42031.1
42031.1
42031.1
42031.1
42031.1
42031.1
42031.1
42031.1
42031.1
42031.1
42031.1
41713.7
41713.7
41713.7
41713.7
41713.7
41713.7
41713.7
41713.7
41713.7
41713.7
41713.7
41713.7
41713.7
41713.7
41713.7
41573.5
41573.5
41573.5
41573.5
41573.5
41573.5
41508.3
41458.6
41458.6
41458.6
41458.6
41458.6
41458.6
41458.6
41458.6
41458.6
41458.6
41458.6
41458.6
41458.6
41458.6
41458.6
41458.6
41458.6
41201.6
41201.6
41201.6
41201.6
41201.6
41201.6
41201.6
41201.6
41201.6
41201.6
41201.6
41201.6
41201.6
41201.6
41201.6
41201.6
41201.6
41201.6
41201.6
41201.6
41201.6
41201.6
41201.6
41201.6
41201.6
41201.6
41201.6
41201.6
41192.9
41192.9
41192.9
41192.9
41192.9
41192.9
41192.9
41188.4
41188.4
41188.4
41188.4
41182.4
41182.4
41182.4
41182.4
41182.4
41182.4
41182.4
41182.4
41182.4
41078.9
41078.9
41078.9
41078.9
41078.9
41078.9
41078.9
41078.9
41078.9
41078.9
41078.9
41078.9
41078.9
41078.9
41078.9
41078.9
41078.9
41078.9
41078.9
41078.9
41078.9
41078.9
41078.9
41078.9
41078.9
41078.9
41078.9
41078.9
41078.9
41078.9
41078.9
41078.9
41078.9
41078.9
41078.9
41078.9
41078.9
41078.9
41078.9
41078.9
41078.9
41078.9
41078.9
41078.9
41078.9
41078.9
41078.9
41078.9
41078.9
41078.9
41078.9
41078.9
41078.9
41078.9
41078.9
41078.9
41078.9
40975.8
40975.8
40975.8
40975.8
40975.8
40975.8
40975.8
40975.8
40975.8
40975.8
40975.8
40975.8
40975.8
40911.9
40911.9
40911.9
40911.9
40911.9
40911.9
40911.9
40911.9
40911.9
40911.9
40911.9
40911.9
40911.9
40911.9
40911.9
40911.9
40911.9
40619.2
40619.2
40619.2
40619.2
40619.2
40619.2
40619.2
40619.2
40271.1
40271.1
40271.1
40271.1
40271.1
40271.1
40136.9
40136.9
40136.9
40136.9
40136.9
40136.9
40136.9
40136.9
40136.9
40136.9
40136.9
40136.9
40136.9
40136.9
40136.9
40097.1
40097.1
40097.1
40097.1
40097.1
40097.1
40097.1
40097.1
40097.1
40097.1
40097.1
40097.1
40097.1
40097.1
40097.1
40097.1
40097.1
40097.1
40097.1
40097.1
40097.1
40075.1
40036.5
40036.5
40036.5
40036.5
40036.5
39869.1
39869.1
39869.1
39869.1
39869.1
39869.1
39869.1
39869.1
39869.1
39869.1
39869.1
39869.1
39869.1
39869.1
39869.1
39869.1
39869.1
39869.1
39869.1
39869.1
39869.1
39784
39313.4
39313.4
39313.4
39313.4
39313.4
39313.4
39313.4
39313.4
39313.4
39313.4
39313.4
39313.4
39050.8
39050.8
39050.8
39050.8
39050.8
39050.8
39050.8
39050.8
39050.8
39050.8
39050.8
39050.8
39050.8
39050.8
39050.8
39050.8
39050.8
39050.8
39050.8
38985.8
38985.8
38985.8
38985.8
38985.8
38985.8
38985.8
38985.8
38985.8
38985.8
38985.8
38930.8
38930.8
38930.8
38930.8
38930.8
38930.8
38930.8
38930.8
38930.8
38930.8
38930.8
38930.8
38930.8
38930.8
38930.8
38930.8
38930.8
38930.8
38930.8
38930.8
38930.8
38930.8
38930.8
38930.8
38930.8
38930.8
38911.4
38911.4
38911.4
38911.4
38911.4
38911.4
38911.4
38911.4
38911.4
38911.4
38911.4
38911.4
38911.4
38898.9
38898.9
38898.9
38898.9
38640.5
38640.5
38640.5
38640.5
38640.5
38640.5
38640.5
38640.5
38640.5
38593.9
38593.9
38593.9
38593.9
38593.9
38593.9
38593.9
38593.9
38593.9
38593.9
38593.9
38541.9
38541.9
38541.9
38452.3
37936.9
37936.9
37936.9
37936.9
37936.9
37936.9
37936.9
37936.9
37936.9
37936.9
37936.9
37936.9
37936.9
37936.9
37880.1
37880.1
37880.1
37880.1
37880.1
37880.1
37880.1
37880.1
37880.1
37880.1
37880.1
37880.1
37880.1
37880.1
37880.1
37880.1
37880.1
37880.1
37880.1
37880.1
37880.1
37880.1
37880.1
37880.1
37880.1
37880.1
37880.1
37880.1
37880.1
37880.1
37880.1
37880.1
37880.1
37880.1
37880.1
37880.1
37880.1
37880.1
37880.1
37880.1
37880.1
37880.1
37880.1
37880.1
37880.1
37880.1
37880.1
37880.1
37880.1
37880.1
37880.1
37880.1
37880.1
37880.1
37880.1
37880.1
37880.1
37880.1
37880.1
37880.1
37880.1
37774.1
37774.1
37774.1
37774.1
37774.1
37774.1
37774.1
37774.1
37774.1
37774.1
37774.1
37774.1
37652.7
37652.7
37652.7
37652.7
37652.7
37652.7
37652.7
37652.7
37652.7
37610.7
37610.7
37610.7
37610.7
37610.7
37610.7
37610.7
37610.7
37207.5
37207.5
37207.5
37207.5
37207.5
37207.5
37207.5
37207.5
37207.5
37207.5
37206.7
37206.7
37206.7
37206.7
37129.8
37129.8
37129.8
37129.8
37129.8
37129.8
37129.8
37129.8
37129.8
37129.8
37129.8
37129.8
37129.8
37129.8
37129.8
37129.8
37129.8
37129.8
37129.8
37129.8
37129.8
37129.8
37129.8
37129.8
37129.8
37129.8
37129.8
37129.8
37129.8
37129.8
37111.2
37111.2
37111.2
37111.2
37111.2
37111.2
37111.2
37111.2
37111.2
37111.2
37111.2
37111.2
37111.2
37111.2
37111.2
37111.2
37111.2
37111.2
37111.2
37111.2
37111.2
37111.2
37111.2
37111.2
37111.2
37111.2
37111.2
37111.2
37111.2
37111.2
37111.2
37111.2
37111.2
37111.2
37111.2
37111.2
37111.2
37111.2
37111.2
37111.2
37111.2
37111.2
37111.2
37111.2
37111.2
37111.2
37111.2
37111.2
37111.2
37111.2
37111.2
37111.2
37111.2
37111.2
37089.5
37089.5
37089.5
37089.5
37089.5
37089.5
37089.5
37089.5
37089.5
37089.5
37089.5
37089.5
37089.5
37089.2
37089.2
37089.2
37089.2
37089.2
37089.2
37089.2
37089.2
37089.2
37089.2
37089.2
37089.2
37089.2
36780.9
36780.9
36780.9
36780.9
36780.9
36780.9
36780.9
36780.9
36780.9
36780.9
36780.9
36780.9
36780.9
36780.9
36780.9
36780.9
36780.9
36780.9
36780.9
36780.9
36780.9
36780.9
36780.9
36780.9
36780.9
36780.9
36780.9
36780.9
36780.9
36780.9
36591.8
36591.8
36591.8
36591.8
36591.8
36591.8
36591.8
36591.8
36591.8
36591.8
36591.8
36591.8
36591.8
36591.8
36591.8
36591.8
36591.8
36591.8
36591.8
36591.8
36591.8
36591.8
36591.8
36591.8
36591.8
36591.8
36591.8
36543.4
36543.4
36311.1
36311.1
36311.1
36311.1
36311.1
36311.1
36311.1
36311.1
36311.1
36311.1
36311.1
36311.1
36311.1
36311.1
35919.7
35919.7
35919.7
35919.7
35919.7
35919.7
35919.7
35919.7
35919.7
35919.7
35919.7
35919.7
35919.7
35919.7
35919.7
35919.7
35919.7
35919.7
35919.7
35919.7
35919.7
35919.7
35919.7
35919.7
35919.7
35919.7
35919.7
35919.7
35919.7
35919.7
35919.7
35919.7
35919.7
35919.7
35919.7
35919.7
35919.7
35919.7
35919.7
35919.7
35919.7
35919.7
35919.7
35919.7
35919.7
35919.7
35919.7
35919.7
35919.7
35919.7
35919.7
35919.7
35919.7
35919.7
35919.7
35919.7
35919.7
35919.7
35919.7
35919.7
35919.7
35919.7
35919.7
35919.7
35919.7
35919.7
35919.7
35617.8
35617.8
35617.8
35617.8
35617.8
35617.8
35617.8
35617.8
35617.8
35617.8
35617.8
35617.8
35617.8
35617.8
35617.8
35617.8
35617.8
35617.8
35617.8
35617.8
35617.8
35617.8
35617.8
35617.8
35617.8
35617.8
35453.7
35453.7
35453.7
35453.7
35453.7
35453.7
35453.7
35453.7
35453.7
35453.7
35453.7
35453.7
35453.7
35453.7
35453.7
35453.7
35453.7
35453.7
35453.7
35453.7
35453.7
35453.7
35453.7
35453.7
35453.7
35453.7
35453.7
35453.7
35453.7
35453.7
35453.7
35453.7
35453.7
35453.7
35217.8
35217.8
35217.8
35217.8
35217.8
35217.8
35217.8
35217.8
35217.8
35217.8
35217.8
35217.8
35217.8
35217.8
35217.8
34892.6
34892.6
34892.6
34892.6
34892.6
34892.6
34892.6
34892.6
34892.6
34892.6
34892.6
34892.6
34892.6
34892.6
34892.6
34892.6
34892.6
34892.6
34892.6
34892.6
34892.6
34892.6
34892.6
34892.6
34892.6
34892.6
34892.6
34892.6
34892.6
34892.6
34892.6
34892.6
34892.6
34892.6
34892.6
34892.6
34892.6
34892.6
34892.6
34892.6
34892.6
34892.6
34892.6
34892.6
34892.6
34892.6
34892.6
34892.6
34892.6
34892.6
34892.6
34892.6
34892.6
34892.6
34892.6
34892.6
34892.6
34892.6
34892.6
34892.6
34833.5
34833.5
34833.5
34833.5
34746.4
34746.4
34746.4
34746.4
34746.4
34746.4
34746.4
34495.5
34495.5
34495.5
34495.5
34495.5
34495.5
34495.5
34495.5
34495.5
34495.5
34495.5
34495.5
34495.5
34495.5
34495.5
34495.5
34495.5
34495.5
34495.5
34495.5
34495.5
34445.5
34445.5
34445.5
34445.5
34445.5
34445.5
34445.5
34445.5
34445.5
34445.5
34445.5
34445.5
34445.5
34445.5
34445.5
34445.5
34445.5
34445.5
34445.5
34445.5
34445.5
34445.5
34445.5
34445.5
34445.5
34445.5
34445.5
34445.5
34445.5
34445.5
34445.5
34266.7
34266.7
34266.7
34266.7
34266.7
34266.7
34266.7
34266.7
34266.7
34266.7
34266.7
34266.7
34266.7
34266.7
34266.7
34266.7
34266.7
34266.7
34266.7
34266.7
34266.7
34266.7
34266.7
34266.7
34266.7
34266.7
34266.7
34266.7
34266.7
34266.7
34266.7
34266.7
34266.7
34266.7
34266.7
34266.7
34266.7
34266.7
34266.7
34266.7
34266.7
34266.7
34266.7
34266.7
34266.7
34266.7
34266.7
34266.7
34266.7
34246.7
34148.9
34148.9
34148.9
34148.9
34148.9
34148.9
34148.9
34148.9
34148.9
33964.6
33964.6
33964.6
33964.6
33964.6
33964.6
33964.6
33964.6
33964.6
33964.6
33964.6
33964.6
33964.6
33964.6
33964.6
33964.6
33964.6
33657.6
33657.6
33657.6
33657.6
33657.6
33657.6
33657.6
33657.6
33657.6
33657.6
33657.6
33657.6
33325.8
33325.8
33325.8
33325.8
33325.8
33325.8
33325.8
33325.8
33325.8
33325.8
33325.8
33325.8
33325.8
33325.8
33325.8
33325.8
33325.8
33325.8
33325.8
33325.8
33325.8
33325.8
33325.8
33325.8
33325.8
33215.5
33215.5
33215.5
33215.5
33215.5
33215.5
33215.5
33215.5
33215.5
33215.5
33215.5
33215.5
33215.5
33215.5
33215.5
33215.5
33215.5
33215.5
33215.5
33215.5
33215.5
33215.5
33097.6
33097.6
33097.6
33097.6
33097.6
33097.6
33097.6
33097.6
33097.6
33097.6
33097.6
33097.6
33097.6
33097.6
33097.6
33097.6
33097.6
33097.6
33097.6
33097.6
33097.6
33097.6
33097.6
33097.6
33097.6
33097.6
33097.6
33097.6
33097.6
33097.6
33097.6
33097.6
33097.6
33097.6
33097.6
32802.1
32802.1
32802.1
32479.1
32479.1
32479.1
32479.1
32479.1
32479.1
32479.1
32479.1
32479.1
32479.1
32479.1
32479.1
32479.1
32479.1
32479.1
32479.1
32479.1
32479.1
32479.1
32479.1
32479.1
32432.8
32432.8
32432.8
32432.8
32432.8
32432.8
32432.8
32432.8
32432.8
32432.8
32432.8
32432.8
32432.8
32432.8
32432.8
32432.8
32432.8
32432.8
32432.8
32432.8
32432.8
32432.8
32432.8
32432.8
32432.8
32432.8
32432.8
32432.8
32432.8
32432.8
32432.8
32432.8
32432.8
32432.8
32432.8
32432.8
32432.8
32432.8
32432.8
32432.8
32432.8
32432.8
32432.8
32432.8
32432.8
32432.8
32432.8
32432.8
32432.8
32432.8
32432.8
32432.8
32432.8
32432.8
32432.8
32432.8
32432.8
32432.8
32432.8
32432.8
32432.8
32432.8
32432.8
32432.8
32432.8
32432.8
32432.8
32432.8
32432.8
32432.8
32432.8
32432.8
32432.8
32432.8
32432.8
32432.8
32432.8
32432.8
32432.8
32432.8
32432.8
32432.8
32432.8
32432.8
32432.8
32432.8
32432.8
32432.8
32432.8
32432.8
32432.8
32432.8
32432.8
32432.8
32185.7
32185.7
32185.7
32185.7
32185.7
32185.7
32185.7
32185.7
32185.7
32185.7
31909
31909
31909
31909
31909
31909
31909
31909
31909
31909
31905
31905
31905
31905
31905
31905
31905
31905
31905
31905
31905
31905
31883.5
31883.5
31883.5
31883.5
31883.5
31883.5
31883.5
31883.5
31883.5
31883.5
31883.5
31883.5
31883.5
31883.5
31883.5
31774.3
31774.3
31774.3
31774.3
31774.3
31774.3
31774.3
31774.3
31774.3
31774.3
31774.3
31774.3
31774.3
31774.3
31774.3
31774.3
31774.3
31774.3
31774.3
31774.3
31774.3
31774.3
31774.3
31774.3
31774.3
31774.3
31774.3
31774.3
31774.3
31774.3
31774.3
31774.3
31774.3
31774.3
31774.3
31774.3
31774.3
31774.3
31774.3
31774.3
31774.3
31774.3
31774.3
31774.3
31774.3
31774.3
31774.3
31774.3
31774.3
31774.3
31774.3
31774.3
31774.3
31774.3
31774.3
31774.3
31774.3
31774.3
31774.3
31774.3
31774.3
31774.3
31774.3
31774.3
31774.3
31774.3
31774.3
31774.3
31774.3
31774.3
31774.3
31774.3
31774.3
31774.3
31774.3
31774.3
31774.3
31774.3
31774.3
31774.3
31774.3
31774.3
31774.3
31774.3
31774.3
31774.3
31774.3
31774.3
31774.3
31774.3
31774.3
31774.3
31774.3
31774.3
31774.3
31774.3
31774.3
31774.3
31774.3
31774.3
31774.3
31774.3
31774.3
31774.3
31774.3
31774.3
31774.3
31774.3
31774.3
31774.3
31774.3
31774.3
31774.3
31774.3
31774.3
31774.3
31774.3
31697.5
31697.5
31697.5
31697.5
31697.5
31697.5
31697.5
31697.5
31697.5
31697.5
31697.5
31697.5
31697.5
31697.5
31697.5
31697.5
31697.5
31697.5
31697.5
31697.5
31697.5
31697.5
31697.5
31697.5
31697.5
31697.5
31697.5
31697.5
31697.5
31697.5
31697.5
31697.5
31697.5
31697.5
31697.5
31697.5
31697.5
31697.5
31697.5
31697.5
31697.5
31697.5
31697.5
31697.5
31697.5
31697.5
31697.5
31697.5
31697.5
31697.5
31697.5
31697.5
31697.5
31697.5
31697.5
31697.5
31697.5
31697.5
31697.5
31697.5
31697.5
31697.5
31697.5
31697.5
31697.5
31697.5
31697.5
31697.5
31697.5
31697.5
31697.5
31697.5
31697.5
31697.5
31697.5
31697.5
31697.5
31697.5
31697.5
31697.5
31697.5
31697.5
31697.5
31697.5
31697.5
31697.5
31697.5
31697.5
31697.5
31697.5
31697.5
31675.6
31675.6
31675.6
31675.6
31675.6
31675.6
31675.6
31675.6
31675.6
31675.6
31675.6
31675.6
31675.6
31675.6
31675.6
31675.6
31675.6
31675.6
31675.6
31675.6
31675.6
31675.6
31675.6
31675.6
31675.6
31675.6
31675.6
31675.6
31675.6
31675.6
31675.6
31675.6
31675.6
31675.6
31675.6
31675.6
31675.6
31675.6
31675.6
31675.6
31675.6
31675.6
31675.6
31675.6
31675.6
31675.6
31675.6
31675.6
31675.6
31675.6
31675.6
31675.6
31675.6
31675.6
31675.6
31675.6
31675.6
31675.6
31675.6
31675.6
31675.6
31675.6
31675.6
31675.6
31675.6
31675.6
31675.6
31675.6
31675.6
31675.6
31675.6
31675.6
31675.6
31675.6
31675.6
31675.6
31675.6
31675.6
31675.6
31675.6
31675.6
31675.6
31675.6
31675.6
31675.6
31675.6
31675.6
31675.6
31675.6
31675.6
31675.6
31675.6
31675.6
31675.6
31675.6
31675.6
31675.6
31675.6
31675.6
31675.6
31675.6
31675.6
31675.6
31675.6
31675.6
31675.6
31675.6
31675.6
31675.6
31675.6
31675.6
31675.6
31675.6
31675.6
31675.6
31675.6
31675.6
31675.6
31675.6
31675.6
31675.6
31675.6
31675.6
31675.6
31675.6
31675.6
31675.6
31675.6
31675.6
31675.6
31675.6
31675.6
31675.6
31675.6
31675.6
31675.6
31675.6
31675.6
31675.6
31675.6
31675.6
31675.6
31675.6
31675.6
31675.6
31675.6
31675.6
31675.6
31675.6
31674.3
31650.2
31650.2
31650.2
31650.2
31600.8
31429.2
31429.2
31429.2
31429.2
31429.2
31429.2
31429.2
31429.2
31429.2
31429.2
31429.2
31429.2
31429.2
31429.2
31429.2
31391.7
31391.7
31391.7
31391.7
31364
31364
31364
31364
31364
31364
31364
31364
31364
31364
31364
31364
31364
31364
31364
31364
31364
31364
31364
31364
31364
31364
31364
31364
31364
31364
31364
31364
31364
31364
31364
31364
31364
31364
31364
31364
31364
31364
31364
31364
31364
31364
31364
31364
31364
31364
31364
31364
31364
31364
31364
31364
31364
31364
31364
31364
31364
31364
31364
31364
31364
31364
31364
31364
31364
31364
31364
31364
31362.3
31362.3
31362.3
31362.3
31362.3
31362.3
31362.3
31362.3
31362.3
31362.3
31362.3
31362.3
31362.3
31362.3
31362.3
31362.3
31362.3
31362.3
31362.3
31362.3
31362.3
31362.3
31362.3
31362.3
31362.3
31362.3
31362.3
31362.3
31362.3
31362.3
31362.3
31362.3
31362.3
31362.3
31362.3
31362.3
31362.3
31362.3
31362.3
31362.3
31362.3
31362.3
31362.3
31362.3
31362.3
31362.3
31362.3
31362.3
31362.3
31362.3
31362.3
31362.3
31362.3
31362.3
31362.3
31362.3
31362.3
31362.3
31362.3
31362.3
31362.3
31362.3
31277.9
31225.1
31225.1
31225.1
31225.1
31225.1
31225.1
31225.1
31225.1
31225.1
31225.1
31225.1
31225.1
31156.9
31156.9
31156.9
31156.9
31156.9
31156.9
31156.9
31156.9
31156.9
31156.9
31156.9
31156.9
31156.9
31156.9
31156.9
31156.9
31156.9
31156.9
31156.9
31156.9
31156.9
31156.9
31156.9
31156.9
31156.9
31156.9
31156.9
31156.9
31115.5
31115.5
31115.5
31115.5
31115.5
31115.5
31115.5
31115.5
31115.5
31115.5
31115.5
31115.5
31115.5
31115.5
31115.5
31115.5
31115.5
31115.5
31115.5
31115.5
31115.5
31115.5
31115.5
31115.5
31115.5
31115.5
31115.5
31115.5
31115.5
31115.5
31115.5
31115.5
31109.5
31109.5
31109.5
31074
31074
31074
31074
31074
31074
31074
31074
31074
31074
31074
31074
31074
31074
31074
31074
31074
31074
31074
31074
31074
31074
31074
31074
31074
31074
31074
31074
31074
31074
31074
31037.9
31037.9
31037.9
31037.9
31037.9
31037.9
31037.9
31037.9
31037.9
30133.6
30133.6
30133.6
30133.6
30133.6
30133.6
30133.6
30133.6
30133.6
30133.6
30133.6
30133.6
30133.6
30133.6
30133.6
30133.6
30133.6
30133.6
30133.6
30133.6
30133.6
30133.6
30133.6
30133.6
30133.6
30133.6
30133.6
30133.6
30133.6
30133.6
30133.6
30133.6
30133.6
30133.6
30133.6
30133.6
30133.6
30133.6
30133.6
30133.6
30133.6
30133.6
30133.6
30013.3
30013.3
30013.3
30013.3
30013.3
30013.3
30013.3
30013.3
30013.3
30013.3
30013.3
30013.3
30013.3
30013.3
30013.3
30013.3
30013.3
30013.3
30013.3
30013.3
30013.3
30013.3
30013.3
30013.3
30013.3
30013.3
30013.3
30013.3
30013.3
30013.3
30013.3
30013.3
30013.3
30013.3
30013.3
30013.3
30013.3
30013.3
30013.3
30013.3
30013.3
30013.3
30013.3
30013.3
30013.3
30013.3
30013.3
30013.3
30013.3
30013.3
30013.3
30013.3
30013.3
30013.3
30013.3
30013.3
30013.3
30013.3
30013.3
30013.3
30013.3
30013.3
30013.3
30013.3
30013.3
30013.3
30013.3
30013.3
30013.3
30013.3
30013.3
30013.3
30013.3
30013.3
30013.3
30013.3
29984.5
29984.5
29984.5
29984.5
29984.5
29984.5
29984.5
29984.5
29984.5
29984.5
29984.5
29984.5
29984.5
29984.5
29984.5
29984.5
29984.5
29984.5
29984.5
29984.5
29984.5
29881.2
29881.2
29881.2
29881.2
29881.2
29881.2
29881.2
29881.2
29881.2
29881.2
29881.2
29881.2
29881.2
29881.2
29881.2
29881.2
29881.2
29881.2
29881.2
29881.2
29881.2
29881.2
29881.2
29881.2
29881.2
29881.2
29881.2
29881.2
29881.2
29881.2
29881.2
29881.2
29881.2
29881.2
29881.2
29881.2
29881.2
29490
29490
29490
29490
29490
29490
29490
29490
29490
29490
29490
29490
29490
29490
29490
29490
29490
29490
29490
29490
29490
29490
29490
29490
29490
29490
29490
29490
29490
29490
29490
29490
29490
29490
29490
29490
29490
29490
29490
29490
29490
29490
29490
29490
29490
29490
29490
29490
29490
29490
29490
29490
29490
29490
29490
29490
29490
29490
29490
29490
29490
29490
29488.7
29488.7
29488.7
29488.7
29488.7
29488.7
29488.7
29488.7
29488.7
29488.7
29488.7
29488.7
29488.7
29488.7
29488.7
29488.7
29488.7
29488.7
29488.7
29488.7
29488.7
29488.7
29488.7
29488.7
29488.7
29488.7
29488.7
29488.7
29488.7
29488.7
29488.7
29433.1
29433.1
29433.1
29433.1
29433.1
29433.1
29433.1
29433.1
29433.1
29433.1
29433.1
29433.1
29433.1
29433.1
29433.1
29433.1
29433.1
29433.1
29433.1
29429.7
29429.7
29429.7
29429.7
29429.7
29429.7
29429.7
29429.7
29429.7
29429.7
29429.7
29429.7
29429.7
29429.7
29429.7
29429.7
29429.7
29429.7
29429.7
29429.7
29429.7
29429.7
29429.7
29429.7
29429.7
29429.7
29429.7
29429.7
29429.7
29429.7
29429.7
29429.7
29429.7
29429.7
29429.7
29429.7
29429.7
29429.7
29429.7
29429.7
29429.7
29429.7
29429.7
29429.7
29429.7
29429.7
29429.7
29429.7
29429.7
29429.7
29429.7
29429.7
29429.7
29429.7
29429.7
29429.7
29429.7
29429.7
29429.7
29429.7
29051.6
29051.6
29051.6
29051.6
29051.6
29051.6
29051.6
29051.6
29051.6
29051.6
29051.6
29051.6
29051.6
29051.6
29051.6
29051.6
29051.6
29051.6
29051.6
29051.6
29051.6
29051.6
29051.6
29051.6
29051.6
29051.6
29051.6
29051.6
29051.6
29051.6
29051.6
29051.6
29051.6
29051.6
29051.6
29051.6
29051.6
29051.6
29051.6
29051.6
29051.6
29051.6
29051.6
29051.6
29051.6
29051.6
29051.6
29020.8
29020.8
29020.8
29020.8
29020.8
29020.8
29020.8
28999.1
28999.1
28999.1
28999.1
28999.1
28999.1
28999.1
28999.1
28999.1
28999.1
28999.1
28999.1
28999.1
28999.1
28999.1
28999.1
28999.1
28999.1
28999.1
28999.1
28999.1
28999.1
28999.1
28999.1
28999.1
28655.1
28655.1
28655.1
28655.1
28655.1
28655.1
28655.1
28655.1
28655.1
28655.1
28655.1
28655.1
28655.1
28655.1
28655.1
28655.1
28655.1
28655.1
28655.1
28655.1
28655.1
28655.1
28655.1
28655.1
28655.1
28655.1
28655.1
28655.1
28655.1
28655.1
28655.1
28655.1
28655.1
28655.1
28655.1
28655.1
28655.1
28655.1
28655.1
28655.1
28655.1
28655.1
28655.1
28655.1
28655.1
28655.1
28655.1
28655.1
28655.1
28655.1
28655.1
28655.1
28655.1
28655.1
28655.1
28655.1
28655.1
28655.1
28655.1
28655.1
28655.1
28655.1
28655.1
28655.1
28655.1
28655.1
28655.1
28655.1
28655.1
28655.1
28655.1
28655.1
28655.1
28655.1
28655.1
28655.1
28655.1
28655.1
28655.1
28655.1
28655.1
28655.1
28655.1
28655.1
28655.1
28655.1
28655.1
28655.1
28655.1
28655.1
28542.4
28542.4
28542.4
28542.4
28542.4
28542.4
28542.4
28449.9
28449.9
28449.9
28449.9
28449.9
28449.9
28449.9
28449.9
28449.9
28449.9
28449.9
28449.9
28449.9
28449.9
28449.9
28449.9
28449.9
28449.9
28449.9
28449.9
28449.9
28449.9
28449.9
28449.9
28449.9
28449.9
28449.9
28449.9
28449.9
28449.9
28449.9
28449.9
28449.9
28449.9
28449.9
28449.9
28449.9
28449.9
28449.9
28449.9
28449.9
28449.9
28449.9
28449.9
28449.9
28449.9
28449.9
28449.9
28449.9
28449.9
28449.9
28449.9
28449.9
28449.9
28449.9
28449.9
28449.9
28449.9
28449.9
28449.9
28449.9
28449.9
28449.9
28449.9
28449.9
28449.9
28449.9
28449.9
28449.9
28449.9
28449.9
28449.9
28449.9
28449.9
28449.9
28449.9
28449.9
28449.9
28449.9
28449.9
28449.9
28449.9
28449.9
28449.9
28449.9
28449.9
28449.9
28449.9
28449.9
28449.9
28449.9
28449.9
28449.9
28449.9
28449.9
28449.9
28449.9
28449.9
28449.9
28449.9
28449.9
28449.9
28449.9
28449.9
28443.3
28443.3
28443.3
28443.3
28443.3
28443.3
28443.3
28443.3
28443.3
28443.3
28443.3
28443.3
28443.3
28443.3
28443.3
28443.3
28443.3
28443.3
28443.3
28443.3
28443.3
28443.3
28443.3
28443.3
28443.3
28443.3
28443.3
28443.3
28443.3
28443.3
28443.3
28443.3
28443.3
28443.3
28443.3
28443.3
28443.3
28443.3
28443.3
28443.3
28443.3
28443.3
28443.3
28443.3
28443.3
28443.3
28443.3
28443.3
28443.3
28443.3
28443.3
28443.3
28443.3
28443.3
28443.3
28443.3
28443.3
28443.3
28443.3
28443.3
28443.3
28443.3
28443.3
28443.3
28443.3
28443.3
28443.3
28443.3
28443.3
28443.3
28443.3
28443.3
28443.3
28443.3
28443.3
28443.3
28443.3
28443.3
28443.3
28443.3
28443.3
28443.3
28443.3
28443.3
28443.3
28443.3
28443.3
28443.3
28443.3
28443.3
28443.3
28443.3
28443.3
28443.3
28443.3
28443.3
28443.3
28443.3
28443.3
28443.3
28443.3
28443.3
28443.3
28443.3
28443.3
28443.3
28443.3
28443.3
28443.3
28443.3
28443.3
28443.3
28443.3
28443.3
28443.3
28443.3
28443.3
28443.3
28443.3
28443.3
28443.3
28443.3
28443.3
28443.3
28443.3
28443.3
28443.3
28443.3
28443.3
28443.3
28443.3
28443.3
28443.3
28443.3
28443.3
28443.3
28443.3
28443.3
28443.3
28443.3
28443.3
28443.3
28443.3
28443.3
28443.3
28443.3
28443.3
28443.3
28443.3
28443.3
28443.3
28443.3
28443.3
28443.3
28443.3
28443.3
28443.3
28443.3
28443.3
28443.3
28443.3
28443.3
28443.3
28443.3
28443.3
28443.3
28443.3
28443.3
28443.3
28443.3
28443.3
28443.3
28443.3
28443.3
28443.3
28443.3
28443.3
28443.3
28443.3
28443.3
28443.3
28443.3
28443.3
28443.3
28443.3
28443.3
28443.3
28443.3
28443.3
28443.3
28443.3
28443.3
28443.3
28443.3
28443.3
28443.3
28443.3
28443.3
28443.3
28443.3
28443.3
28443.3
28443.3
28443.3
28443.3
28443.3
28443.3
28443.3
28443.3
28443.3
28443.3
28443.3
28443.3
28443.3
28443.3
28443.3
28443.3
28443.3
28443.3
28443.3
28443.3
28443.3
28443.3
28443.3
28443.3
28443.3
28443.3
28443.3
28443.3
28443.3
28443.3
28443.3
28443.3
28443.3
28443.3
28443.3
28443.3
28443.3
28443.3
28443.3
28443.3
28443.3
28443.3
28443.3
28443.3
28443.3
28443.3
28443.3
28443.3
28443.3
28443.3
28443.3
28443.3
28443.3
28443.3
28443.3
28443.3
28443.3
28443.3
28443.3
28443.3
28443.3
28443.3
28443.3
28443.3
28443.3
28443.3
28443.3
28443.3
28443.3
28443.3
28443.3
28443.3
28443.3
28443.3
28443.3
28443.3
28443.3
28443.3
28443.3
28443.3
28443.3
28443.3
28443.3
28443.3
28443.3
28443.3
28443.3
28443.3
28443.3
28443.3
28443.3
28443.3
28443.3
28443.3
28443.3
28443.3
28443.3
28443.3
28443.3
28443.3
28443.3
28443.3
28443.3
28443.3
28443.3
28443.3
28443.3
28443.3
28443.3
28443.3
28443.3
28443.3
28443.3
28443.3
28443.3
28443.3
28443.3
28443.3
28443.3
28443.3
28443.3
28443.3
28443.3
28443.3
28443.3
28443.3
28443.3
28443.3
28443.3
28443.3
28443.3
28443.3
28443.3
28443.3
28443.3
28443.3
28443.3
28443.3
28443.3
28443.3
